{
 "metadata": {
  "name": "",
  "signature": "sha256:615293283c7cb3710d4ea42a04b30f64c6551f653cf4428d35f4d860c9645e02"
 },
 "nbformat": 3,
 "nbformat_minor": 0,
 "worksheets": [
  {
   "cells": [
    {
     "cell_type": "markdown",
     "metadata": {},
     "source": [
      "#Taller 8\n",
      "\n",
      "\n",
      "Resuelva la ecuaci\u00f3n de onda con condiciones de frontera correspondientes a la topolog\u00eda de un cubo.\n",
      "\n",
      "![](https://raw.githubusercontent.com/ComputoCienciasUniandes/MetodosComputacionalesLaboratorio/master/2015-V/actividades/talleres/Taller8/cube.png? raw=true =200x)."
     ]
    },
    {
     "cell_type": "code",
     "collapsed": false,
     "input": [
      "%pylab inline"
     ],
     "language": "python",
     "metadata": {},
     "outputs": [
      {
       "output_type": "stream",
       "stream": "stdout",
       "text": [
        "Populating the interactive namespace from numpy and matplotlib\n"
       ]
      }
     ],
     "prompt_number": 1
    },
    {
     "cell_type": "code",
     "collapsed": false,
     "input": [
      "Nt=2000\n",
      "Nl=52\n",
      "L=10. # Lado del cubo\n",
      "tmin=0\n",
      "tmax=.05\n",
      "xmin=-L/2.\n",
      "xmax=L/2.\n",
      "ymin=-L/2.\n",
      "ymax=L/2.\n",
      "dt=(tmax-tmin)/Nt\n",
      "dx=(xmax-xmin)/Nl\n",
      "dy=(ymax-ymin)/Nl\n",
      "\n",
      "v=425. # m/s\n",
      "r=v*dt/dx\n",
      "xcoords=np.linspace(xmin,xmax,Nl)\n",
      "ycoords=np.linspace(ymin,ymax,Nl)\n",
      "tcoords=np.linspace(tmin,tmax,Nt)\n",
      "xmesh,ymesh=np.meshgrid(xcoords,ycoords)\n",
      "cara2=meshgrid(xcoords,ycoords)\n",
      "xmesh3,ymesh3=meshgrid(xcoords,ycoords)\n",
      "cara4=meshgrid(xcoords,ycoords)\n",
      "cara5=meshgrid(xcoords,ycoords)\n",
      "cara6=meshgrid(xcoords,ycoords)"
     ],
     "language": "python",
     "metadata": {},
     "outputs": [],
     "prompt_number": 2
    },
    {
     "cell_type": "code",
     "collapsed": false,
     "input": [
      "drum=np.zeros((Nt,Nl,Nl))\n",
      "\n",
      "\n",
      "\n",
      "drum[0]= np.exp(-xmesh**2)*np.exp(-ymesh**2)\n",
      "drum[1]=drum[0]+r**2/2.*(np.roll(drum[0],1,axis=0)+np.roll(drum[0],-1,axis=0)+np.roll(drum[0],1,axis=1)+np.roll(drum[0],-1,axis=1)-4*drum[0])\n",
      "\n",
      "drum[:,0,:]=drum[:,:,0]\n",
      "drum[:,Nl-1,:]=drum[:,:,Nl-1]\n",
      "imshow(drum[0],cmap='gist_heat')\n",
      "\n",
      "for i in range(2,Nt):\n",
      "    pdrum=drum[i-1]\n",
      "    ppdrum=drum[i-2]\n",
      "    drum[i]=2*(1.-2.*r**2)*pdrum-ppdrum+r**2*(np.roll(pdrum,1,axis=1)+np.roll(pdrum,-1,axis=1)+np.roll(pdrum,1,axis=0)+np.roll(pdrum,-1,axis=0))\n",
      "    a=drum[:,0,:]\n",
      "    b=drum[:,:,0]\n",
      "    drum[:,0,:]=b\n",
      "    drum[:,:,0]=a\n",
      "    a=drum[:,Nl-1,:]\n",
      "    b=drum[:,:,Nl-1]\n",
      "    drum[:,Nl-1,:]=a\n",
      "    drum[:,:,Nl-1]=b\n",
      "    \n"
     ],
     "language": "python",
     "metadata": {},
     "outputs": [],
     "prompt_number": 21
    },
    {
     "cell_type": "code",
     "collapsed": false,
     "input": [
      "\n",
      "%matplotlib\n",
      "from matplotlib import animation\n",
      "\n",
      "fig=plt.figure(figsize=(10,10))\n",
      "plt.hold(True)\n",
      "plt.pcolor(xcoords,ycoords,np.abs(drum[0]),cmap='gist_heat',vmin=0.,vmax=1.)\n",
      "plt.xlim(xmin+dx,xmax-dx)\n",
      "plt.ylim(ymin+dy,ymax-dy)\n",
      "#plt.colorbar()\n",
      "\n",
      "def animate(i):\n",
      "    plt.pcolor(xcoords,ycoords,np.abs(drum[i]),vmin=0.,vmax=1.)\n",
      "    plt.xlim(xmin+dx,xmax-dx)\n",
      "    plt.ylim(ymin+dy,ymax-dy)\n",
      "animacion = animation.FuncAnimation(fig, animate, np.arange(1,len(drum)),interval=20, blit=False)\n",
      "plt.show()\n",
      "plt.hold(False)"
     ],
     "language": "python",
     "metadata": {},
     "outputs": [
      {
       "output_type": "stream",
       "stream": "stdout",
       "text": [
        "Using matplotlib backend: Qt4Agg\n"
       ]
      }
     ],
     "prompt_number": 6
    },
    {
     "cell_type": "code",
     "collapsed": false,
     "input": [
      "%pylab inline\n",
      "Nt=1000\n",
      "drum=np.zeros((Nt,Nl,Nl))\n",
      "drum2=np.zeros((Nt,Nl,Nl))\n",
      "drum3=np.zeros((Nt,Nl,Nl))\n",
      "drum4=np.zeros((Nt,Nl,Nl))\n",
      "drum5=np.zeros((Nt,Nl,Nl))\n",
      "drum6=np.zeros((Nt,Nl,Nl))\n",
      "drumt=zeros((Nt,Nl-2,(Nl-2)*4))\n",
      " \n",
      "\n",
      "drum[0]= np.exp(-xmesh**2)*np.exp(-ymesh**2)\n",
      "drum[1]=drum[0]+r**2/2.*(np.roll(drum[0],1,axis=0)+np.roll(drum[0],-1,axis=0)+np.roll(drum[0],1,axis=1)+np.roll(drum[0],-1,axis=1)-4*drum[0])\n",
      "drum3[0]= np.exp(-xmesh3**2)*np.exp(-ymesh3**2)\n",
      "drum3[1]=drum3[0]+r**2/2.*(np.roll(drum3[0],1,axis=0)+np.roll(drum3[0],-1,axis=0)+np.roll(drum3[0],1,axis=1)+np.roll(drum3[0],-1,axis=1)-4*drum3[0])\n",
      "\n",
      "drum[:,0,:]=drum[:,:,0]\n",
      "drum[:,Nl-1,:]=drum[:,:,Nl-1]\n",
      "drum3[:,0,:]=drum3[:,:,0]\n",
      "drum3[:,Nl-1,:]=drum3[:,:,Nl-1]\n",
      "\n",
      "for i in range(2,Nt):\n",
      "    \n",
      "    a=drum[:,0,:]\n",
      "    b=drum[:,:,0]\n",
      "    c=drum[:,Nl-1,:]\n",
      "    d=drum[:,:,Nl-1]\n",
      "    \n",
      "    a2=drum2[:,0,:]\n",
      "    b2=drum2[:,:,0]\n",
      "    c2=drum2[:,Nl-1,:]\n",
      "    d2=drum2[:,:,Nl-1]\n",
      "    \n",
      "    a3=drum3[:,0,:]\n",
      "    b3=drum3[:,:,0]\n",
      "    c3=drum3[:,Nl-1,:]\n",
      "    d3=drum3[:,:,Nl-1]\n",
      "    \n",
      "    a4=drum4[:,0,:]\n",
      "    b4=drum4[:,:,0]\n",
      "    c4=drum4[:,Nl-1,:]\n",
      "    d4=drum4[:,:,Nl-1]\n",
      "    \n",
      "    a5=drum5[:,0,:]\n",
      "    b5=drum5[:,:,0]\n",
      "    c5=drum5[:,Nl-1,:]\n",
      "    d5=drum5[:,:,Nl-1]\n",
      "    \n",
      "    a6=drum6[:,0,:]\n",
      "    b6=drum6[:,:,0]\n",
      "    c6=drum6[:,Nl-1,:]\n",
      "    d6=drum6[:,:,Nl-1]\n",
      "    \n",
      "    drum[:,0,:]=c4\n",
      "    drum[:,:,0]=d6\n",
      "    drum[:,Nl-1,:]=a5\n",
      "    drum[:,:,Nl-1]=b2\n",
      "    \n",
      "    drum2[:,0,:]=d4\n",
      "    drum2[:,:,0]=d\n",
      "    drum2[:,Nl-1,:]=d5\n",
      "    drum2[:,:,Nl-1]=b3\n",
      "    \n",
      "    drum3[:,0,:]=a4\n",
      "    drum3[:,:,0]=d2\n",
      "    drum3[:,Nl-1,:]=c5\n",
      "    drum3[:,:,Nl-1]=b6\n",
      "    \n",
      "    drum4[:,0,:]=a3\n",
      "    drum4[:,:,0]=a6\n",
      "    drum4[:,Nl-1,:]=a\n",
      "    drum4[:,:,Nl-1]=a2\n",
      "    \n",
      "    drum5[:,0,:]=c\n",
      "    drum5[:,:,0]=c6\n",
      "    drum5[:,Nl-1,:]=c3\n",
      "    drum5[:,:,Nl-1]=c2\n",
      "    \n",
      "    drum6[:,0,:]=b4\n",
      "    drum6[:,:,0]=d3\n",
      "    drum6[:,Nl-1,:]=b5\n",
      "    drum6[:,:,Nl-1]=b\n",
      "    \n",
      "    pdrum=drum[i-1]\n",
      "    ppdrum=drum[i-2]\n",
      "    pdrum3=drum3[i-1]\n",
      "    ppdrum3=drum3[i-2]\n",
      "    drum[i]=2*(1.-2.*r**2)*pdrum-ppdrum+r**2*(np.roll(pdrum,1,axis=1)+np.roll(pdrum,-1,axis=1)+np.roll(pdrum,1,axis=0)+np.roll(pdrum,-1,axis=0))\n",
      "    drum3[i]=2*(1.-2.*r**2)*pdrum3-ppdrum3+r**2*(np.roll(pdrum3,1,axis=1)+np.roll(pdrum3,-1,axis=1)+np.roll(pdrum3,1,axis=0)+np.roll(pdrum3,-1,axis=0))\n",
      "\n",
      "    pdrum=drum2[i-1]\n",
      "    ppdrum=drum2[i-2]\n",
      "    drum2[i]=2*(1.-2.*r**2)*pdrum-ppdrum+r**2*(np.roll(pdrum,1,axis=1)+np.roll(pdrum,-1,axis=1)+np.roll(pdrum,1,axis=0)+np.roll(pdrum,-1,axis=0))\n",
      "    \n",
      "    pdrum=drum4[i-1]\n",
      "    ppdrum=drum4[i-2]\n",
      "    drum4[i]=2*(1.-2.*r**2)*pdrum-ppdrum+r**2*(np.roll(pdrum,1,axis=1)+np.roll(pdrum,-1,axis=1)+np.roll(pdrum,1,axis=0)+np.roll(pdrum,-1,axis=0))\n",
      "\n",
      "    pdrum=drum5[i-1]\n",
      "    ppdrum=drum5[i-2]\n",
      "    drum5[i]=2*(1.-2.*r**2)*pdrum-ppdrum+r**2*(np.roll(pdrum,1,axis=1)+np.roll(pdrum,-1,axis=1)+np.roll(pdrum,1,axis=0)+np.roll(pdrum,-1,axis=0))\n",
      "\n",
      "    pdrum=drum6[i-1]\n",
      "    ppdrum=drum6[i-2]\n",
      "    drum6[i]=2*(1.-2.*r**2)*pdrum-ppdrum+r**2*(np.roll(pdrum,1,axis=1)+np.roll(pdrum,-1,axis=1)+np.roll(pdrum,1,axis=0)+np.roll(pdrum,-1,axis=0))\n",
      "    print drum6[i]\n",
      "    \n",
      "    \n",
      "    #drumt[i,0:Nl,Nl:Nl*2]=drum6[i]\n",
      "    #drumt[i,Nl:2*Nl,0:Nl]=drum4[i]\n",
      "    #drumt[i,Nl:2*Nl,Nl:Nl*2]=drum[i]\n",
      "    #drumt[i,Nl:2*Nl,Nl*2:Nl*3]=drum5[i]\n",
      "    #drumt[i,2*Nl:3*Nl,Nl:Nl*2]=drum2[i]\n",
      "    #drumt[i,3*Nl:4*Nl,Nl:Nl*2]=drum2[i]\n",
      "    \n",
      "    drumt[i,0:Nl-2,0:Nl-2]=drum6[i,1:-1,1:-1]\n",
      "    drumt[i,0:Nl-2,Nl-2:(Nl-2)*2]=drum[i,1:-1,1:-1]\n",
      "    drumt[i,0:Nl-2,(Nl-2)*2:(Nl-2)*3]=drum2[i,1:-1,1:-1]\n",
      "    drumt[i,0:Nl-2,(Nl-2)*3:(Nl-2)*4]=drum3[i,1:-1,1:-1]\n"
     ],
     "language": "python",
     "metadata": {},
     "outputs": [
      {
       "output_type": "stream",
       "stream": "stdout",
       "text": [
        "Populating the interactive namespace from numpy and matplotlib\n",
        "[[ 0.  0.  0. ...,  0.  0.  0.]\n",
        " [ 0.  0.  0. ...,  0.  0.  0.]\n",
        " [ 0.  0.  0. ...,  0.  0.  0.]\n",
        " ..., \n",
        " [ 0.  0.  0. ...,  0.  0.  0.]\n",
        " [ 0.  0.  0. ...,  0.  0.  0.]\n",
        " [ 0.  0.  0. ...,  0.  0.  0.]]"
       ]
      },
      {
       "output_type": "stream",
       "stream": "stdout",
       "text": [
        "\n",
        "[[ 0.  0.  0. ...,  0.  0.  0.]\n",
        " [ 0.  0.  0. ...,  0.  0.  0.]\n",
        " [ 0.  0.  0. ...,  0.  0.  0.]\n",
        " ..., \n",
        " [ 0.  0.  0. ...,  0.  0.  0.]\n",
        " [ 0.  0.  0. ...,  0.  0.  0.]\n",
        " [ 0.  0.  0. ...,  0.  0.  0.]]\n",
        "[[  0.00000000e+00   0.00000000e+00   0.00000000e+00 ...,   0.00000000e+00\n",
        "    0.00000000e+00   1.11678491e-29]\n",
        " [  0.00000000e+00   0.00000000e+00   0.00000000e+00 ...,   0.00000000e+00\n",
        "    0.00000000e+00   0.00000000e+00]\n",
        " [  0.00000000e+00   0.00000000e+00   0.00000000e+00 ...,   0.00000000e+00\n",
        "    0.00000000e+00   0.00000000e+00]\n",
        " ..., \n",
        " [  0.00000000e+00   0.00000000e+00   0.00000000e+00 ...,   0.00000000e+00\n",
        "    0.00000000e+00   0.00000000e+00]\n",
        " [  0.00000000e+00   0.00000000e+00   0.00000000e+00 ...,   0.00000000e+00\n",
        "    0.00000000e+00   1.11678491e-29]\n",
        " [  1.11678491e-29   0.00000000e+00   0.00000000e+00 ...,   0.00000000e+00\n",
        "    1.11678491e-29   7.27236084e-27]]"
       ]
      },
      {
       "output_type": "stream",
       "stream": "stdout",
       "text": [
        "\n",
        "[[  6.81811148e-32   0.00000000e+00   0.00000000e+00 ...,   0.00000000e+00\n",
        "    6.81811148e-32   4.46653617e-29]\n",
        " [  0.00000000e+00   0.00000000e+00   0.00000000e+00 ...,   0.00000000e+00\n",
        "    0.00000000e+00   3.40905574e-32]\n",
        " [  0.00000000e+00   0.00000000e+00   0.00000000e+00 ...,   0.00000000e+00\n",
        "    0.00000000e+00   0.00000000e+00]\n",
        " ..., \n",
        " [  0.00000000e+00   0.00000000e+00   0.00000000e+00 ...,   0.00000000e+00\n",
        "    0.00000000e+00   3.40905574e-32]\n",
        " [  6.81811148e-32   0.00000000e+00   0.00000000e+00 ...,   0.00000000e+00\n",
        "    6.81811148e-32   4.46653617e-29]\n",
        " [  4.46653617e-29   3.40905574e-32   0.00000000e+00 ...,   3.40905574e-32\n",
        "    4.46653617e-29   1.46297257e-26]]\n",
        "[[  4.08217338e-31   3.12190671e-34   0.00000000e+00 ...,   3.12190671e-34\n",
        "    4.08217338e-31   1.11521378e-28]\n",
        " [  3.12190671e-34   0.00000000e+00   0.00000000e+00 ...,   0.00000000e+00\n",
        "    3.12190671e-34   2.04108669e-31]\n",
        " [  0.00000000e+00   0.00000000e+00   0.00000000e+00 ...,   0.00000000e+00\n",
        "    0.00000000e+00   1.04063557e-34]\n",
        " ..., \n",
        " [  3.12190671e-34   0.00000000e+00   0.00000000e+00 ...,   0.00000000e+00\n",
        "    3.12190671e-34   2.04108669e-31]\n",
        " [  4.08217338e-31   3.12190671e-34   0.00000000e+00 ...,   3.12190671e-34\n",
        "    4.08217338e-31   1.11521378e-28]\n",
        " [  1.11521378e-28   2.04108669e-31   1.04063557e-34 ...,   2.04108669e-31\n",
        "    1.11521378e-28   2.20668117e-26]]"
       ]
      },
      {
       "output_type": "stream",
       "stream": "stdout",
       "text": [
        "\n",
        "[[  1.42412298e-30   2.48973282e-33   1.27064205e-36 ...,   2.48973282e-33\n",
        "    1.42412298e-30   2.22446773e-28]\n",
        " [  2.48973282e-33   1.90596307e-36   0.00000000e+00 ...,   1.90596307e-36\n",
        "    2.48973282e-33   7.12062761e-31]\n",
        " [  1.27064205e-36   0.00000000e+00   0.00000000e+00 ...,   0.00000000e+00\n",
        "    1.27064205e-36   8.29910940e-34]\n",
        " ..., \n",
        " [  2.48973282e-33   1.90596307e-36   0.00000000e+00 ...,   1.90596307e-36\n",
        "    2.48973282e-33   7.12062761e-31]\n",
        " [  1.42412298e-30   2.48973282e-33   1.27064205e-36 ...,   2.48973282e-33\n",
        "    1.42412298e-30   2.22446773e-28]\n",
        " [  2.22446773e-28   7.12062761e-31   8.29910940e-34 ...,   7.12062761e-31\n",
        "    2.22446773e-28   2.95388098e-26]]"
       ]
      },
      {
       "output_type": "stream",
       "stream": "stdout",
       "text": [
        "\n",
        "[[  3.78072028e-30   1.11577249e-32   1.26591893e-35 ...,   1.11577249e-32\n",
        "    3.78072028e-30   3.87662631e-28]\n",
        " [  1.11577249e-32   1.89887839e-35   9.69678566e-39 ...,   1.89887839e-35\n",
        "    1.11577249e-32   1.89037280e-30]\n",
        " [  1.26591893e-35   9.69678566e-39   0.00000000e+00 ...,   9.69678566e-39\n",
        "    1.26591893e-35   3.71924971e-33]\n",
        " ..., \n",
        " [  1.11577249e-32   1.89887839e-35   9.69678566e-39 ...,   1.89887839e-35\n",
        "    1.11577249e-32   1.89037280e-30]\n",
        " [  3.78072028e-30   1.11577249e-32   1.26591893e-35 ...,   1.11577249e-32\n",
        "    3.78072028e-30   3.87662631e-28]\n",
        " [  3.87662631e-28   1.89037280e-30   3.71924971e-33 ...,   1.89037280e-30\n",
        "    3.87662631e-28   3.70060835e-26]]"
       ]
      },
      {
       "output_type": "stream",
       "stream": "stdout",
       "text": [
        "\n",
        "[[  8.45795099e-30   3.70009410e-32   6.93061039e-35 ...,   3.70009410e-32\n",
        "    8.45795099e-30   6.16744918e-28]\n",
        " [  3.70009410e-32   1.03959111e-34   1.15882587e-37 ...,   1.03959111e-34\n",
        "    3.70009410e-32   4.22904480e-30]\n",
        " [  6.93061039e-35   1.15882587e-37   5.92000886e-41 ...,   1.15882587e-37\n",
        "    6.93061039e-35   1.23337436e-32]\n",
        " ..., \n",
        " [  3.70009410e-32   1.03959111e-34   1.15882587e-37 ...,   1.03959111e-34\n",
        "    3.70009410e-32   4.22904480e-30]\n",
        " [  8.45795099e-30   3.70009410e-32   6.93061039e-35 ...,   3.70009410e-32\n",
        "    8.45795099e-30   6.16744918e-28]\n",
        " [  6.16744918e-28   4.22904480e-30   1.23337436e-32 ...,   4.22904480e-30\n",
        "    6.16744918e-28   4.44348690e-26]]\n",
        "[[  1.67974387e-29   1.01120743e-31   2.75704512e-34 ...,   1.01120743e-31\n",
        "    1.67974387e-29   9.18489252e-28]\n",
        " [  1.01120743e-31   4.13556150e-34   7.49556649e-37 ...,   4.13556150e-34\n",
        "    1.01120743e-31   8.39899506e-30]\n",
        " [  2.75704512e-34   7.49556649e-37   8.25155011e-40 ...,   7.49556649e-37\n",
        "    2.75704512e-34   3.37075389e-32]\n",
        " ..., \n",
        " [  1.01120743e-31   4.13556150e-34   7.49556649e-37 ...,   4.13556150e-34\n",
        "    1.01120743e-31   8.39899506e-30]\n",
        " [  1.67974387e-29   1.01120743e-31   2.75704512e-34 ...,   1.01120743e-31\n",
        "    1.67974387e-29   9.18489252e-28]\n",
        " [  9.18489252e-28   8.39899506e-30   3.37075389e-32 ...,   8.39899506e-30\n",
        "    9.18489252e-28   5.17982717e-26]]"
       ]
      },
      {
       "output_type": "stream",
       "stream": "stdout",
       "text": [
        "\n",
        "[[  3.05399345e-29   2.40921628e-31   8.90311689e-34 ...,   2.40921628e-31\n",
        "    3.05399345e-29   1.30079922e-27]\n",
        " [  2.40921628e-31   1.33546292e-33   3.47809410e-36 ...,   1.33546292e-33\n",
        "    2.40921628e-31   1.52708576e-29]\n",
        " [  8.90311689e-34   3.47809410e-36   6.15717355e-39 ...,   3.47809410e-36\n",
        "    8.90311689e-34   8.03101078e-32]\n",
        " ..., \n",
        " [  2.40921628e-31   1.33546292e-33   3.47809410e-36 ...,   1.33546292e-33\n",
        "    2.40921628e-31   1.52708576e-29]\n",
        " [  3.05399345e-29   2.40921628e-31   8.90311689e-34 ...,   2.40921628e-31\n",
        "    3.05399345e-29   1.30079922e-27]\n",
        " [  1.30079922e-27   1.52708576e-29   8.03101078e-32 ...,   1.52708576e-29\n",
        "    1.30079922e-27   5.90773603e-26]]"
       ]
      },
      {
       "output_type": "stream",
       "stream": "stdout",
       "text": [
        "\n",
        "[[  5.18525428e-29   5.17627900e-31   2.47464381e-33 ...,   5.17627900e-31\n",
        "    5.18525428e-29   1.77060150e-27]\n",
        " [  5.17627900e-31   3.71194124e-33   1.29585121e-35 ...,   3.71194124e-33\n",
        "    5.17627900e-31   2.59287460e-29]\n",
        " [  2.47464381e-33   1.29585121e-35   3.26482414e-38 ...,   1.29585121e-35\n",
        "    2.47464381e-33   1.72553432e-31]\n",
        " ..., \n",
        " [  5.17627900e-31   3.71194124e-33   1.29585121e-35 ...,   3.71194124e-33\n",
        "    5.17627900e-31   2.59287460e-29]\n",
        " [  5.18525428e-29   5.17627900e-31   2.47464381e-33 ...,   5.17627900e-31\n",
        "    5.18525428e-29   1.77060150e-27]\n",
        " [  1.77060150e-27   2.59287460e-29   1.72553432e-31 ...,   2.59287460e-29\n",
        "    1.77060150e-27   6.62623678e-26]]"
       ]
      },
      {
       "output_type": "stream",
       "stream": "stdout",
       "text": [
        "\n",
        "[[  8.33449223e-29   1.02546494e-30   6.13564091e-33 ...,   1.02546494e-30\n",
        "    8.33449223e-29   2.33379097e-27]\n",
        " [  1.02546494e-30   9.20335797e-33   4.11658154e-35 ...,   9.20335797e-33\n",
        "    1.02546494e-30   4.16785967e-29]\n",
        " [  6.13564091e-33   4.11658154e-35   1.37854262e-37 ...,   4.11658154e-35\n",
        "    6.13564091e-33   3.41855951e-31]\n",
        " ..., \n",
        " [  1.02546494e-30   9.20335797e-33   4.11658154e-35 ...,   9.20335797e-33\n",
        "    1.02546494e-30   4.16785967e-29]\n",
        " [  8.33449223e-29   1.02546494e-30   6.13564091e-33 ...,   1.02546494e-30\n",
        "    8.33449223e-29   2.33379097e-27]\n",
        " [  2.33379097e-27   4.16785967e-29   3.41855951e-31 ...,   4.16785967e-29\n",
        "    2.33379097e-27   7.33540102e-26]]"
       ]
      },
      {
       "output_type": "stream",
       "stream": "stdout",
       "text": [
        "\n",
        "[[  1.28073986e-28   1.90246972e-30   1.38957413e-32 ...,   1.90246972e-30\n",
        "    1.28073986e-28   2.99520855e-27]\n",
        " [  1.90246972e-30   2.08432424e-32   1.15694463e-34 ...,   2.08432424e-32\n",
        "    1.90246972e-30   6.40508882e-29]\n",
        " [  1.38957413e-32   1.15694463e-34   4.92701048e-37 ...,   1.15694463e-34\n",
        "    1.38957413e-32   6.34252985e-31]\n",
        " ..., \n",
        " [  1.90246972e-30   2.08432424e-32   1.15694463e-34 ...,   2.08432424e-32\n",
        "    1.90246972e-30   6.40508882e-29]\n",
        " [  1.28073986e-28   1.90246972e-30   1.38957413e-32 ...,   1.90246972e-30\n",
        "    1.28073986e-28   2.99520855e-27]\n",
        " [  2.99520855e-27   6.40508882e-29   6.34252985e-31 ...,   6.40508882e-29\n",
        "    2.99520855e-27   8.03649387e-26]]"
       ]
      },
      {
       "output_type": "stream",
       "stream": "stdout",
       "text": [
        "\n",
        "[[  1.89536971e-28   3.34282410e-30   2.92302055e-32 ...,   3.34282410e-30\n",
        "    1.89536971e-28   3.75865465e-27]\n",
        " [  3.34282410e-30   4.38441473e-32   2.94856003e-34 ...,   4.38441473e-32\n",
        "    3.34282410e-30   9.47977145e-29]\n",
        " [  2.92302055e-32   2.94856003e-34   1.54786831e-36 ...,   2.94856003e-34\n",
        "    2.92302055e-32   1.11452041e-30]\n",
        " ..., \n",
        " [  3.34282410e-30   4.38441473e-32   2.94856003e-34 ...,   4.38441473e-32\n",
        "    3.34282410e-30   9.47977145e-29]\n",
        " [  1.89536971e-28   3.34282410e-30   2.92302055e-32 ...,   3.34282410e-30\n",
        "    1.89536971e-28   3.75865465e-27]\n",
        " [  3.75865465e-27   9.47977145e-29   1.11452041e-30 ...,   9.47977145e-29\n",
        "    3.75865465e-27   8.73213465e-26]]"
       ]
      },
      {
       "output_type": "stream",
       "stream": "stdout",
       "text": [
        "\n",
        "[[  2.71653127e-28   5.61053422e-30   5.78154344e-32 ...,   5.61053422e-30\n",
        "    2.71653127e-28   4.62694060e-27]\n",
        " [  5.61053422e-30   8.67198634e-32   6.93489575e-34 ...,   8.67198634e-32\n",
        "    5.61053422e-30   1.35884376e-28]\n",
        " [  5.78154344e-32   6.93489575e-34   4.38429753e-36 ...,   6.93489575e-34\n",
        "    5.78154344e-32   1.87075598e-30]\n",
        " ..., \n",
        " [  5.61053422e-30   8.67198634e-32   6.93489575e-34 ...,   8.67198634e-32\n",
        "    5.61053422e-30   1.35884376e-28]\n",
        " [  2.71653127e-28   5.61053422e-30   5.78154344e-32 ...,   5.61053422e-30\n",
        "    2.71653127e-28   4.62694060e-27]\n",
        " [  4.62694060e-27   1.35884376e-28   1.87075598e-30 ...,   1.35884376e-28\n",
        "    4.62694060e-27   9.42647553e-26]]"
       ]
      },
      {
       "output_type": "stream",
       "stream": "stdout",
       "text": [
        "\n",
        "[[  3.78734635e-28   9.05421322e-30   1.08535004e-31 ...,   9.05421322e-30\n",
        "    3.78734635e-28   5.60198035e-27]\n",
        " [  9.05421322e-30   1.62793955e-31   1.52488192e-33 ...,   1.62793955e-31\n",
        "    9.05421322e-30   1.89475844e-28]\n",
        " [  1.08535004e-31   1.52488192e-33   1.14011349e-35 ...,   1.52488192e-33\n",
        "    1.08535004e-31   3.01934180e-30]\n",
        " ..., \n",
        " [  9.05421322e-30   1.62793955e-31   1.52488192e-33 ...,   1.62793955e-31\n",
        "    9.05421322e-30   1.89475844e-28]\n",
        " [  3.78734635e-28   9.05421322e-30   1.08535004e-31 ...,   9.05421322e-30\n",
        "    3.78734635e-28   5.60198035e-27]\n",
        " [  5.60198035e-27   1.89475844e-28   3.01934180e-30 ...,   1.89475844e-28\n",
        "    5.60198035e-27   1.01254013e-25]]"
       ]
      },
      {
       "output_type": "stream",
       "stream": "stdout",
       "text": [
        "\n",
        "[[  5.15447765e-28   1.41226643e-29   1.94791597e-31 ...,   1.41226643e-29\n",
        "    5.15447765e-28   6.68492483e-27]\n",
        " [  1.41226643e-29   2.92166705e-31   3.16596458e-33 ...,   2.92166705e-31\n",
        "    1.41226643e-29   2.57918653e-28]\n",
        " [  1.94791597e-31   3.16596458e-33   2.75886708e-35 ...,   3.16596458e-33\n",
        "    1.94791597e-31   4.71019302e-30]\n",
        " ..., \n",
        " [  1.41226643e-29   2.92166705e-31   3.16596458e-33 ...,   2.92166705e-31\n",
        "    1.41226643e-29   2.57918653e-28]\n",
        " [  5.15447765e-28   1.41226643e-29   1.94791597e-31 ...,   1.41226643e-29\n",
        "    5.15447765e-28   6.68492483e-27]\n",
        " [  6.68492483e-27   2.57918653e-28   4.71019302e-30 ...,   2.57918653e-28\n",
        "    6.68492483e-27   1.08367546e-25]]"
       ]
      },
      {
       "output_type": "stream",
       "stream": "stdout",
       "text": [
        "\n",
        "[[  6.86765672e-28   2.13809098e-29   3.36172707e-31 ...,   2.13809098e-29\n",
        "    6.86765672e-28   7.87634079e-27]\n",
        " [  2.13809098e-29   5.04211985e-31   6.25500805e-33 ...,   5.04211985e-31\n",
        "    2.13809098e-29   3.43718961e-28]\n",
        " [  3.36172707e-31   6.25500805e-33   6.27688478e-35 ...,   6.25500805e-33\n",
        "    3.36172707e-31   7.13218236e-30]\n",
        " ..., \n",
        " [  2.13809098e-29   5.04211985e-31   6.25500805e-33 ...,   5.04211985e-31\n",
        "    2.13809098e-29   3.43718961e-28]\n",
        " [  6.86765672e-28   2.13809098e-29   3.36172707e-31 ...,   2.13809098e-29\n",
        "    6.86765672e-28   7.87634079e-27]\n",
        " [  7.87634079e-27   3.43718961e-28   7.13218236e-30 ...,   3.43718961e-28\n",
        "    7.87634079e-27   1.15705901e-25]]"
       ]
      },
      {
       "output_type": "stream",
       "stream": "stdout",
       "text": [
        "\n",
        "[[  8.97914576e-28   3.15262732e-29   5.60515702e-31 ...,   3.15262732e-29\n",
        "    8.97914576e-28   9.17643655e-27]\n",
        " [  3.15262732e-29   8.40672026e-31   1.18333384e-32 ...,   8.40672026e-31\n",
        "    3.15262732e-29   4.49517702e-28]\n",
        " [  5.60515702e-31   1.18333384e-32   1.35372574e-34 ...,   1.18333384e-32\n",
        "    5.60515702e-31   1.05186186e-29]\n",
        " ..., \n",
        " [  3.15262732e-29   8.40672026e-31   1.18333384e-32 ...,   8.40672026e-31\n",
        "    3.15262732e-29   4.49517702e-28]\n",
        " [  8.97914576e-28   3.15262732e-29   5.60515702e-31 ...,   3.15262732e-29\n",
        "    8.97914576e-28   9.17643655e-27]\n",
        " [  9.17643655e-27   4.49517702e-28   1.05186186e-29 ...,   4.49517702e-28\n",
        "    9.17643655e-27   1.23394653e-25]]"
       ]
      },
      {
       "output_type": "stream",
       "stream": "stdout",
       "text": [
        "\n",
        "[[  1.15431548e-27   4.54040914e-29   9.06413505e-31 ...,   4.54040914e-29\n",
        "    1.15431548e-27   1.05853366e-26]\n",
        " [  4.54040914e-29   1.35941133e-30   2.15451170e-32 ...,   1.35941133e-30\n",
        "    4.54040914e-29   5.78063946e-28]\n",
        " [  9.06413505e-31   2.15451170e-32   2.78573233e-34 ...,   2.15451170e-32\n",
        "    9.06413505e-31   1.51526509e-29]\n",
        " ..., \n",
        " [  4.54040914e-29   1.35941133e-30   2.15451170e-32 ...,   1.35941133e-30\n",
        "    4.54040914e-29   5.78063946e-28]\n",
        " [  1.15431548e-27   4.54040914e-29   9.06413505e-31 ...,   4.54040914e-29\n",
        "    1.15431548e-27   1.05853366e-26]\n",
        " [  1.05853366e-26   5.78063946e-28   1.51526509e-29 ...,   5.78063946e-28\n",
        "    1.05853366e-26   1.31587721e-25]]"
       ]
      },
      {
       "output_type": "stream",
       "stream": "stdout",
       "text": [
        "\n",
        "[[  1.46152391e-27   6.40226273e-29   1.42619567e-30 ...,   6.40226273e-29\n",
        "    1.46152391e-27   1.21034078e-26]\n",
        " [  6.40226273e-29   2.13888108e-30   3.79118845e-32 ...,   2.13888108e-30\n",
        "    6.40226273e-29   7.32187738e-28]\n",
        " [  1.42619567e-30   3.79118845e-32   5.49921764e-34 ...,   3.79118845e-32\n",
        "    1.42619567e-30   2.13724679e-29]\n",
        " ..., \n",
        " [  6.40226273e-29   2.13888108e-30   3.79118845e-32 ...,   2.13888108e-30\n",
        "    6.40226273e-29   7.32187738e-28]\n",
        " [  1.46152391e-27   6.40226273e-29   1.42619567e-30 ...,   6.40226273e-29\n",
        "    1.46152391e-27   1.21034078e-26]\n",
        " [  1.21034078e-26   7.32187738e-28   2.13724679e-29 ...,   7.32187738e-28\n",
        "    1.21034078e-26   1.40471188e-25]]"
       ]
      },
      {
       "output_type": "stream",
       "stream": "stdout",
       "text": [
        "\n",
        "[[  1.82517045e-27   8.85667555e-29   2.18941110e-30 ...,   8.85667555e-29\n",
        "    1.82517045e-27   1.37316393e-26]\n",
        " [  8.85667555e-29   3.28333215e-30   6.47012957e-32 ...,   3.28333215e-30\n",
        "    8.85667555e-29   9.14773851e-28]\n",
        " [  2.18941110e-30   6.47012957e-32   1.04604285e-33 ...,   6.47012957e-32\n",
        "    2.18941110e-30   2.95761671e-29]\n",
        " ..., \n",
        " [  8.85667555e-29   3.28333215e-30   6.47012957e-32 ...,   3.28333215e-30\n",
        "    8.85667555e-29   9.14773851e-28]\n",
        " [  1.82517045e-27   8.85667555e-29   2.18941110e-30 ...,   8.85667555e-29\n",
        "    1.82517045e-27   1.37316393e-26]\n",
        " [  1.37316393e-26   9.14773851e-28   2.95761671e-29 ...,   9.14773851e-28\n",
        "    1.37316393e-26   1.50267711e-25]]"
       ]
      },
      {
       "output_type": "stream",
       "stream": "stdout",
       "text": [
        "\n",
        "[[  2.25090528e-27   1.20410019e-28   3.28682820e-30 ...,   1.20410019e-28\n",
        "    2.25090528e-27   1.54720803e-26]\n",
        " [  1.20410019e-28   4.92879904e-30   1.07412167e-31 ...,   4.92879904e-30\n",
        "    1.20410019e-28   1.12873803e-27]\n",
        " [  3.28682820e-30   1.07412167e-31   1.92446574e-33 ...,   1.07412167e-31\n",
        "    3.28682820e-30   4.02261779e-29]\n",
        " ..., \n",
        " [  1.20410019e-28   4.92879904e-30   1.07412167e-31 ...,   4.92879904e-30\n",
        "    1.20410019e-28   1.12873803e-27]\n",
        " [  2.25090528e-27   1.20410019e-28   3.28682820e-30 ...,   1.20410019e-28\n",
        "    2.25090528e-27   1.54720803e-26]\n",
        " [  1.54720803e-26   1.12873803e-27   4.02261779e-29 ...,   1.12873803e-27\n",
        "    1.54720803e-26   1.61241614e-25]]\n",
        "[[  2.74435011e-27   1.61124696e-28   4.83495622e-30 ...,   1.61124696e-28\n",
        "    2.74435011e-27   1.73283388e-26]\n",
        " [  1.61124696e-28   7.24985804e-30   1.73900505e-31 ...,   7.24985804e-30\n",
        "    1.61124696e-28   1.37700743e-27]\n",
        " [  4.83495622e-30   1.73900505e-31   3.43528752e-33 ...,   1.73900505e-31\n",
        "    4.83495622e-30   5.38531392e-29]\n",
        " ..., \n",
        " [  1.61124696e-28   7.24985804e-30   1.73900505e-31 ...,   7.24985804e-30\n",
        "    1.61124696e-28   1.37700743e-27]\n",
        " [  2.74435011e-27   1.61124696e-28   4.83495622e-30 ...,   1.61124696e-28\n",
        "    2.74435011e-27   1.73283388e-26]\n",
        " [  1.73283388e-26   1.37700743e-27   5.38531392e-29 ...,   1.37700743e-27\n",
        "    1.73283388e-26   1.73704813e-25]]"
       ]
      },
      {
       "output_type": "stream",
       "stream": "stdout",
       "text": [
        "\n",
        "[[  3.31106109e-27   2.12489592e-28   6.98107784e-30 ...,   2.12489592e-28\n",
        "    3.31106109e-27   1.93061467e-26]\n",
        " [  2.12489592e-28   1.04671426e-29   2.75173477e-31 ...,   1.04671426e-29\n",
        "    2.12489592e-28   1.66250715e-27]\n",
        " [  6.98107784e-30   2.75173477e-31   5.96610911e-33 ...,   2.75173477e-31\n",
        "    6.98107784e-30   7.10591563e-29]\n",
        " ..., \n",
        " [  2.12489592e-28   1.04671426e-29   2.75173477e-31 ...,   1.04671426e-29\n",
        "    2.12489592e-28   1.66250715e-27]\n",
        " [  3.31106109e-27   2.12489592e-28   6.98107784e-30 ...,   2.12489592e-28\n",
        "    3.31106109e-27   1.93061467e-26]\n",
        " [  1.93061467e-26   1.66250715e-27   7.10591563e-29 ...,   1.66250715e-27\n",
        "    1.93061467e-26   1.88023692e-25]]"
       ]
      },
      {
       "output_type": "stream",
       "stream": "stdout",
       "text": [
        "\n",
        "[[  3.95650690e-27   2.76495327e-28   9.90876918e-30 ...,   2.76495327e-28\n",
        "    3.95650690e-27   2.14139964e-26]\n",
        " [  2.76495327e-28   1.48555761e-29   4.26380167e-31 ...,   1.48555761e-29\n",
        "    2.76495327e-28   1.98815464e-27]\n",
        " [  9.90876918e-30   4.26380167e-31   1.01045503e-32 ...,   4.26380167e-31\n",
        "    9.90876918e-30   9.25203905e-29]\n",
        " ..., \n",
        " [  2.76495327e-28   1.48555761e-29   4.26380167e-31 ...,   1.48555761e-29\n",
        "    2.76495327e-28   1.98815464e-27]\n",
        " [  3.95650690e-27   2.76495327e-28   9.90876918e-30 ...,   2.76495327e-28\n",
        "    3.95650690e-27   2.14139964e-26]\n",
        " [  2.14139964e-26   1.98815464e-27   9.25203905e-29 ...,   1.98815464e-27\n",
        "    2.14139964e-26   2.04627102e-25]]"
       ]
      },
      {
       "output_type": "stream",
       "stream": "stdout",
       "text": [
        "\n",
        "[[  4.68606594e-27   3.55347030e-28   1.38438682e-29 ...,   3.55347030e-28\n",
        "    4.68606594e-27   2.36638570e-26]\n",
        " [  3.55347030e-28   2.07532611e-29   6.48029341e-31 ...,   2.07532611e-29\n",
        "    3.55347030e-28   2.35686430e-27]\n",
        " [  1.38438682e-29   6.48029341e-31   1.67236418e-32 ...,   6.48029341e-31\n",
        "    1.38438682e-29   1.18988971e-28]\n",
        " ..., \n",
        " [  3.55347030e-28   2.07532611e-29   6.48029341e-31 ...,   2.07532611e-29\n",
        "    3.55347030e-28   2.35686430e-27]\n",
        " [  4.68606594e-27   3.55347030e-28   1.38438682e-29 ...,   3.55347030e-28\n",
        "    4.68606594e-27   2.36638570e-26]\n",
        " [  2.36638570e-26   2.35686430e-27   1.18988971e-28 ...,   2.35686430e-27\n",
        "    2.36638570e-26   2.24015683e-25]]"
       ]
      },
      {
       "output_type": "stream",
       "stream": "stdout",
       "text": [
        "\n",
        "[[  5.50504719e-27   4.51464452e-28   1.90608382e-29 ...,   4.51464452e-28\n",
        "    5.50504719e-27   2.60719786e-26]\n",
        " [  4.51464452e-28   2.85709378e-29   9.67465157e-31 ...,   2.85709378e-29\n",
        "    4.51464452e-28   2.77156411e-27]\n",
        " [  1.90608382e-29   9.67465157e-31   2.70965030e-32 ...,   9.67465157e-31\n",
        "    1.90608382e-29   1.51294259e-28]\n",
        " ..., \n",
        " [  4.51464452e-28   2.85709378e-29   9.67465157e-31 ...,   2.85709378e-29\n",
        "    4.51464452e-28   2.77156411e-27]\n",
        " [  5.50504719e-27   4.51464452e-28   1.90608382e-29 ...,   4.51464452e-28\n",
        "    5.50504719e-27   2.60719786e-26]\n",
        " [  2.60719786e-26   2.77156411e-27   1.51294259e-28 ...,   2.77156411e-27\n",
        "    2.60719786e-26   2.46772717e-25]]"
       ]
      },
      {
       "output_type": "stream",
       "stream": "stdout",
       "text": [
        "\n",
        "[[  6.41873936e-27   5.67479652e-28   2.58894601e-29 ...,   5.67479652e-28\n",
        "    6.41873936e-27   2.86597947e-26]\n",
        " [  5.67479652e-28   3.88019097e-29   1.42063171e-30 ...,   3.88019097e-29\n",
        "    5.67479652e-28   3.23522686e-27]\n",
        " [  2.58894601e-29   1.42063171e-30   4.30479442e-32 ...,   1.42063171e-30\n",
        "    2.58894601e-29   1.90343551e-28]\n",
        " ..., \n",
        " [  5.67479652e-28   3.88019097e-29   1.42063171e-30 ...,   3.88019097e-29\n",
        "    5.67479652e-28   3.23522686e-27]\n",
        " [  6.41873936e-27   5.67479652e-28   2.58894601e-29 ...,   5.67479652e-28\n",
        "    6.41873936e-27   2.86597947e-26]\n",
        " [  2.86597947e-26   3.23522686e-27   1.90343551e-28 ...,   3.23522686e-27\n",
        "    2.86597947e-26   2.73576768e-25]]"
       ]
      },
      {
       "output_type": "stream",
       "stream": "stdout",
       "text": [
        "\n",
        "[[  7.43249329e-27   7.06232594e-28   3.47217746e-29 ...,   7.06232594e-28\n",
        "    7.43249329e-27   3.14549384e-26]\n",
        " [  7.06232594e-28   5.20323079e-29   2.05415643e-30 ...,   5.20323079e-29\n",
        "    7.06232594e-28   3.75091807e-27]\n",
        " [  3.47217746e-29   2.05415643e-30   6.71519506e-32 ...,   2.05415643e-30\n",
        "    3.47217746e-29   2.37122336e-28]\n",
        " ..., \n",
        " [  7.06232594e-28   5.20323079e-29   2.05415643e-30 ...,   5.20323079e-29\n",
        "    7.06232594e-28   3.75091807e-27]\n",
        " [  7.43249329e-27   7.06232594e-28   3.47217746e-29 ...,   7.06232594e-28\n",
        "    7.43249329e-27   3.14549384e-26]\n",
        " [  3.14549384e-26   3.75091807e-27   2.37122336e-28 ...,   3.75091807e-27\n",
        "    3.14549384e-26   3.05216413e-25]]"
       ]
      },
      {
       "output_type": "stream",
       "stream": "stdout",
       "text": [
        "\n",
        "[[  8.55184259e-27   8.70765143e-28   4.60191860e-29 ...,   8.70765143e-28\n",
        "    8.55184259e-27   3.44923847e-26]\n",
        " [  8.70765143e-28   6.89515577e-29   2.92778039e-30 ...,   6.89515577e-29\n",
        "    8.70765143e-28   4.32186326e-27]\n",
        " [  4.60191860e-29   2.92778039e-30   1.02985414e-31 ...,   2.92778039e-30\n",
        "    4.60191860e-29   2.92694327e-28]\n",
        " ..., \n",
        " [  8.70765143e-28   6.89515577e-29   2.92778039e-30 ...,   6.89515577e-29\n",
        "    8.70765143e-28   4.32186326e-27]\n",
        " [  8.55184259e-27   8.70765143e-28   4.60191860e-29 ...,   8.70765143e-28\n",
        "    8.55184259e-27   3.44923847e-26]\n",
        " [  3.44923847e-26   4.32186326e-27   2.92694327e-28 ...,   4.32186326e-27\n",
        "    3.44923847e-26   3.42607377e-25]]"
       ]
      },
      {
       "output_type": "stream",
       "stream": "stdout",
       "text": [
        "\n",
        "[[  9.78266820e-27   1.06431418e-27   6.03196352e-29 ...,   1.06431418e-27\n",
        "    9.78266820e-27   3.78157416e-26]\n",
        " [  1.06431418e-27   9.03628963e-29   4.11716101e-30 ...,   9.03628963e-29\n",
        "    1.06431418e-27   4.95153718e-27]\n",
        " [  6.03196352e-29   4.11716101e-30   1.55449931e-31 ...,   4.11716101e-30\n",
        "    6.03196352e-29   3.58201489e-28]\n",
        " ..., \n",
        " [  1.06431418e-27   9.03628963e-29   4.11716101e-30 ...,   9.03628963e-29\n",
        "    1.06431418e-27   4.95153718e-27]\n",
        " [  9.78266820e-27   1.06431418e-27   6.03196352e-29 ...,   1.06431418e-27\n",
        "    9.78266820e-27   3.78157416e-26]\n",
        " [  3.78157416e-26   4.95153718e-27   3.58201489e-28 ...,   4.95153718e-27\n",
        "    3.78157416e-26   3.86812488e-25]]"
       ]
      },
      {
       "output_type": "stream",
       "stream": "stdout",
       "text": [
        "\n",
        "[[  1.11314126e-26   1.29030472e-27   7.82447444e-29 ...,   1.29030472e-27\n",
        "    1.11314126e-26   4.14787104e-26]\n",
        " [  1.29030472e-27   1.17193788e-28   5.71706841e-30 ...,   1.17193788e-28\n",
        "    1.29030472e-27   5.64377771e-27]\n",
        " [  7.82447444e-29   5.71706841e-30   2.31174949e-31 ...,   5.71706841e-30\n",
        "    7.82447444e-29   4.34864410e-28]\n",
        " ..., \n",
        " [  1.29030472e-27   1.17193788e-28   5.71706841e-30 ...,   1.17193788e-28\n",
        "    1.29030472e-27   5.64377771e-27]\n",
        " [  1.11314126e-26   1.29030472e-27   7.82447444e-29 ...,   1.29030472e-27\n",
        "    1.11314126e-26   4.14787104e-26]\n",
        " [  4.14787104e-26   5.64377771e-27   4.34864410e-28 ...,   5.64377771e-27\n",
        "    4.14787104e-26   4.39064874e-25]]"
       ]
      },
      {
       "output_type": "stream",
       "stream": "stdout",
       "text": [
        "\n",
        "[[  1.26053498e-26   1.55234423e-27   1.00506843e-28 ...,   1.55234423e-27\n",
        "    1.26053498e-26   4.55467437e-26]\n",
        " [  1.55234423e-27   1.50506090e-28   7.84499241e-30 ...,   1.50506090e-28\n",
        "    1.55234423e-27   6.40292758e-27]\n",
        " [  1.00506843e-28   7.84499241e-30   3.39017014e-31 ...,   7.84499241e-30\n",
        "    1.00506843e-28   5.23983394e-28]\n",
        " ..., \n",
        " [  1.55234423e-27   1.50506090e-28   7.84499241e-30 ...,   1.50506090e-28\n",
        "    1.55234423e-27   6.40292758e-27]\n",
        " [  1.26053498e-26   1.55234423e-27   1.00506843e-28 ...,   1.55234423e-27\n",
